10

4
-250 600
250 600
250 -600
-250 -600

10
-300 400
300 400
300 -245
274 -267
234 -276
210 -282
150 -316
37 -340
-53 -400
-300 -400

9
-300 600
171 600
185 569
227 546
269 537
290 497
300 479
300 -600
-300 -532

5
-300 750
300 750
300 -531
-147 -750
-300 -750

10
-300 900
-151 900
-38 856
175 829
300 826
300 -900
220 -900
39 -860
-145 -815
-300 -620

10
-400 1000
400 1000
400 -1000
-400 -1000
-400 249
-344 414
-367 575
-333 614
-336 717
-366 877

4
-400 600
400 600
400 -600
-400 -600

10
-500 320
-395 374
-276 344
-181 379
-10 382
66 359
163 378
500 400
500 -400
-500 -400

10
-500 600
-20 600
139 542
204 471
274 449
381 387
454 267
500 211
500 -600
-500 -600

10
-250 585
-155 562
52 520
161 519
250 490
250 -586
91 -545
-42 -597
-167 -568
-250 -585

